3766089
472023063
1691324
1009584
7183696
7475605
9629293
1751041
4205514
2259693
7559472
7867912
8107860
6445009
3611707
9742366
2017991
7365896
4772970
6600821
14123
1782457
5890904
690893
9527236
1682321
6952716
6845935
3232125
5424002
2769305
2373636
2644918
7171474
2091450
708687
8775254
7176267
9394971
4844190
1578813
4185229
8152989
9230825
7994606
4107827
4279563
6824483
8068471
8865219
7111111
2869689
2431046
903510
9696273
1885748
6741127
4334227
7532011
4401366
1515920
6618362
8709608
5903667
1467369
4084983
5458647
7909970
428187
2987063
312569
5539860
8789002
3018211
3384606
432584
2284036
9646969
508748
2790321
2399685
6662726
8856303
9067678
7149436
8078731
9793785
8435102
702884
6469346
2345442
9542174
5626534
2804868
2456934
4438655
4016360
6689955
3162214
8270582
2362267
1623276
7894028
756643
3327913
304566
2141858
6668016
6376574
4153029
9124818
5222485
9343708
4785643
8206836
4883644
4569276
9356479
3961499
1200631
5550626
5969755
1411550
8504158
2131012
3767797
975797
4507173
6031763
3380537
5593971
5992217
4906411
2228721
5318925
5434733
4294658
9342882
8212513
9951711
5211619
9235369
1454079
1456163
3797830
6261759
956117
9699522
4434607
3870154
1227166
7632367
1746664
8242578
7954540
153482
4769384
4789046
6869046
517597
7454953
5889244
6127434
8823593
9434419
6255552
3436350
766008
2552810
5592895
8807120
6009528
8540477
9506556
3126823
1102858
4385812
9560323
3981618
2945505
5537654
5617570
777261
9902663
2967004
3039177
5476780
6819490
700830
8031129
7767259
1169312
6621380
5826110
688628
7099148
1999593
2984958
5580921
9842757
2889644
1450491
540034
3944504
7872436
8476256
6425892
870643
250333
4083014
7760617
9540423
639181
3042181
6486225
1150984
3631040
9237796
3819614
3610151
7576341
4817573
3365307
4887919
3500427
9297269
9493699
1584738
7917523
8161074
6658770
1472712
3146006
6114147
2552831
3686564
3490026
8763626
6336635
7408480
1891405
4120665
3111381
9950066
5941267
6195943
2395457
4778687
3167721
199767
8712427
7354029
6334154
6124328
9476389
5235037
7037223
1539703
8580271
6566875
7851204
825473
4016502
5707945
8218999
7379727
2967285
327527
8773281
3986701
6815074
1699930
3420553
647514
9231537
5701011
3390886
3580146
3353916
3729392
9313422
2588621
489093
7008749
4713290
1208667
5805969
9277941
6331051
9025747
7721054
5405197
7669353
1477961
4485813
5790509
6964756
837987
5526031
8746278
7296097
8991557
290167
4479763
2646137
6836939
2997370
3618051
586091
7974129
7979017
791145
3948870
2256248
5611774
9874950
407018
4840506
3982236
4879023
8562080
496738
9078570
6670489
7726751
9860835
9868106
8715460
6090984
1989855
2121723
654372
8482539
3193989
1956841
6762646
359143
7436101
3978112
8586916
9889936
472909
4717413
8104958
9137127
8851220
5500271
775064
7234669
2625762
1899425
6140168
3282098
8265470
9717701
9768132
7744848
6759378
6433489
7876785
6653181
5603630
3002601
9274513
1706585
601838
4416013
3318133
1920988
6764052
9455768
5634681
2943973
2717741
5766866
6507639
3485068
7623451
3666485
6358521
7366426
9676
1387410
1363636
6628673
5501635
1098895
3675822
6279061
4180221
2656223
3713939
5012911
6687133
43164
1027751
6991459
3018269
9591490
7064463
8211636
8359474
1073117
1339393
687582
4613313
6990172
2685543
3130908
4002100
5914907
9069597
8084976
220650
5733370
4409558
5924790
3366596
723518
4429477
1335834
7283733
8692735
8077497
8414606
5838819
3270565
6417586
7539243
4739151
4191489
6681655
1288982
5801957
7917155
9114743
3037468
5156980
252365
4508462
6048524